1 231 1 171 1 42 2
1 290 0 463 1 253 2
1 474 2 378 0 136 1
0 323 1 484 3 183 3
1 212 3 142 3 178 0
0 319 3 223 2 473 3
1 369 3 361 3 142 2
0 350 2 42 2 439 1
0 355 3 1 0 317 1
1 454 3 396 2 391 0
1 474 0 214 1 271 1
1 14 2 22 3 394 1
1 54 1 282 3 440 2
1 447 3 279 0 482 3
0 380 0 471 1 247 1
1 387 0 419 3 394 2
1 115 3 425 2 243 0
1 6 0 65 0 302 2
0 282 2 493 0 180 2
0 101 2 448 1 424 0
0 74 1 350 0 491 2
1 93 0 450 2 308 3
0 355 1 27 2 219 1
1 428 3 13 1 138 3
0 320 0 160 0 272 1
0 450 3 143 2 19 3
1 1 2 361 0 45 2
1 370 0 296 1 499 1
0 14 0 462 1 4 1
1 278 0 45 0 132 2
0 74 1 350 0 491 2
1 93 0 450 2 308 3
0 355 1 27 2 219 1
1 428 3 13 1 138 3
0 320 0 160 0 272 1
0 450 3 143 2 19 3
1 1 2 361 0 45 2
1 370 0 296 1 499 1
0 14 0 462 1 4 1
1 278 0 45 0 132 2
0 74 1 350 0 491 2
1 93 0 450 2 308 3
0 355 1 27 2 219 1
1 428 3 13 1 138 3
0 320 0 160 0 272 1
0 450 3 143 2 19 3
1 1 2 361 0 45 2
1 370 0 296 1 499 1
0 14 0 462 1 4 1
1 278 0 45 0 132 2
0 441 1 114 0 241 1
0 132 2 486 2 220 1
0 171 0 370 1 417 3
1 219 0 118 0 194 3
1 301 0 250 1 398 1
1 102 2 312 3 312 1
0 409 1 431 3 248 1
0 63 3 196 0 88 1
0 26 2 297 3 90 3
0 305 3 437 1 265 1
0 122 2 147 0 1 0
0 22 3 438 0 38 2
0 337 1 186 3 367 0
0 66 3 397 0 149 2
1 112 0 418 1 61 1
1 236 3 429 2 377 2
1 320 1 88 0 184 0
1 128 3 392 0 248 0
0 395 0 278 0 383 0
1 283 1 145 2 150 0
1 4 3 407 3 158 0
0 475 2 416 0 198 2
1 164 1 305 3 345 3
0 240 1 312 3 151 1
1 138 2 190 0 43 3
0 19 1 491 3 327 2
1 289 2 1 3 430 0
1 314 1 110 3 300 0
1 243 3 395 3 189 1
1 105 2 439 3 218 2
0 74 1 350 0 491 2
1 93 0 450 2 308 3
0 355 1 27 2 219 1
1 428 3 13 1 138 3
0 320 0 160 0 272 1
0 450 3 143 2 19 3
1 1 2 361 0 45 2
1 370 0 296 1 499 1
0 14 0 462 1 4 1
1 278 0 45 0 132 2
0 74 1 350 0 491 2
1 93 0 450 2 308 3
0 355 1 27 2 219 1
1 428 3 13 1 138 3
0 320 0 160 0 272 1
0 450 3 143 2 19 3
1 1 2 361 0 45 2
1 370 0 296 1 499 1
0 14 0 462 1 4 1
1 278 0 45 0 132 2
0 53 3 116 2 314 0
1 53 1 229 1 120 1
0 155 0 178 2 257 0
1 256 0 389 3 49 1
0 289 1 184 1 314 3
0 177 3 59 0 397 3
1 47 2 423 2 124 0
1 84 2 431 1 59 2
1 166 3 129 0 461 3
1 48 3 441 3 341 2
0 74 1 350 0 491 2
1 93 0 450 2 308 3
0 355 1 27 2 219 1
1 428 3 13 1 138 3
0 320 0 160 0 272 1
0 450 3 143 2 19 3
1 1 2 361 0 45 2
1 370 0 296 1 499 1
0 14 0 462 1 4 1
1 278 0 45 0 132 2
1 97 0 190 0 310 2
0 107 3 345 3 15 1
0 225 0 427 0 275 0
0 357 1 97 3 199 0
0 404 2 254 1 393 0
1 193 1 78 0 336 3
1 188 2 370 3 334 2
0 146 2 299 1 85 3
1 297 2 89 1 56 0
0 477 0 443 2 205 0
0 335 0 21 1 206 1
0 376 3 49 0 27 3
1 117 0 80 0 184 2
1 476 2 96 3 338 3
1 171 3 464 2 84 0
1 13 3 61 0 487 2
0 71 2 222 2 198 2
0 465 0 101 2 63 2
0 381 1 73 2 33 0
0 427 1 348 3 202 1
0 20 3 25 1 82 2
0 197 3 360 3 361 2
1 194 3 116 1 171 2
0 475 2 295 0 146 0
1 437 2 246 3 459 0
1 45 0 61 1 19 0
0 48 1 393 0 70 0
1 215 3 388 3 418 0
1 445 1 130 1 59 3
1 413 0 257 2 271 1
0 74 1 350 0 491 2
1 93 0 450 2 308 3
0 355 1 27 2 219 1
1 428 3 13 1 138 3
0 320 0 160 0 272 1
0 450 3 143 2 19 3
1 1 2 361 0 45 2
1 370 0 296 1 499 1
0 14 0 462 1 4 1
1 278 0 45 0 132 2
0 74 1 350 0 491 2
1 93 0 450 2 308 3
0 355 1 27 2 219 1
1 428 3 13 1 138 3
0 320 0 160 0 272 1
0 450 3 143 2 19 3
1 1 2 361 0 45 2
1 370 0 296 1 499 1
0 14 0 462 1 4 1
1 278 0 45 0 132 2
0 74 1 350 0 491 2
1 93 0 450 2 308 3
0 355 1 27 2 219 1
1 428 3 13 1 138 3
0 320 0 160 0 272 1
0 450 3 143 2 19 3
1 1 2 361 0 45 2
1 370 0 296 1 499 1
0 14 0 462 1 4 1
1 278 0 45 0 132 2
0 361 3 50 3 33 0
1 368 1 153 0 467 3
1 287 2 268 2 286 3
1 275 3 48 3 456 3
0 344 2 45 1 319 2
0 374 0 147 3 439 1
1 249 3 312 0 74 1
0 425 3 84 2 133 1
0 80 3 416 0 46 3
1 418 2 399 2 375 2
0 74 1 350 0 491 2
1 93 0 450 2 308 3
0 355 1 27 2 219 1
1 428 3 13 1 138 3
0 320 0 160 0 272 1
0 450 3 143 2 19 3
1 1 2 361 0 45 2
1 370 0 296 1 499 1
0 14 0 462 1 4 1
1 278 0 45 0 132 2
0 350 3 168 1 337 1
0 103 0 418 1 230 0
0 257 3 119 1 444 2
0 409 2 69 0 61 0
1 245 0 391 0 446 3
0 468 3 355 1 367 2
1 323 3 330 3 362 3
1 174 0 446 2 195 2
1 471 2 471 2 256 3
0 334 0 15 3 103 3
1 81 1 11 2 74 1
0 269 2 304 0 31 0
1 419 3 391 3 185 1
0 91 3 322 1 63 3
1 26 3 330 0 481 0
0 222 3 39 3 291 1
0 227 3 480 0 314 3
1 130 2 38 3 106 3
0 466 0 227 2 460 0
1 145 2 245 0 239 2
1 317 3 494 3 219 0
0 38 3 244 3 399 2
1 112 1 303 1 390 0
0 6 3 213 2 20 0
0 291 2 379 1 104 2
1 102 0 57 3 473 2
1 39 1 442 2 207 1
1 301 1 272 3 67 1
0 196 0 343 0 21 3
1 158 0 133 2 117 2
0 74 1 350 0 491 2
1 93 0 450 2 308 3
0 355 1 27 2 219 1
1 428 3 13 1 138 3
0 320 0 160 0 272 1
0 450 3 143 2 19 3
1 1 2 361 0 45 2
1 370 0 296 1 499 1
0 14 0 462 1 4 1
1 278 0 45 0 132 2
0 74 1 350 0 491 2
1 93 0 450 2 308 3
0 355 1 27 2 219 1
1 428 3 13 1 138 3
0 320 0 160 0 272 1
0 450 3 143 2 19 3
1 1 2 361 0 45 2
1 370 0 296 1 499 1
0 14 0 462 1 4 1
1 278 0 45 0 132 2
0 74 1 350 0 491 2
1 93 0 450 2 308 3
0 355 1 27 2 219 1
1 428 3 13 1 138 3
0 320 0 160 0 272 1
0 450 3 143 2 19 3
1 1 2 361 0 45 2
1 370 0 296 1 499 1
0 14 0 462 1 4 1
1 278 0 45 0 132 2
1 318 3 48 2 99 1
1 130 3 477 3 452 3
1 383 3 435 1 115 1
1 33 3 347 1 158 3
0 0 3 266 0 317 3
0 30 0 206 3 191 1
1 20 2 179 2 265 3
1 103 2 179 3 60 0
0 300 0 15 3 53 1
1 45 0 87 2 400 2
0 74 1 350 0 491 2
1 93 0 450 2 308 3
0 355 1 27 2 219 1
1 428 3 13 1 138 3
0 320 0 160 0 272 1
0 450 3 143 2 19 3
1 1 2 361 0 45 2
1 370 0 296 1 499 1
0 14 0 462 1 4 1
1 278 0 45 0 132 2
0 74 1 350 0 491 2
1 93 0 450 2 308 3
0 355 1 27 2 219 1
1 428 3 13 1 138 3
0 320 0 160 0 272 1
0 450 3 143 2 19 3
1 1 2 361 0 45 2
1 370 0 296 1 499 1
0 14 0 462 1 4 1
1 278 0 45 0 132 2
0 74 1 350 0 491 2
1 93 0 450 2 308 3
0 355 1 27 2 219 1
1 428 3 13 1 138 3
0 320 0 160 0 272 1
0 450 3 143 2 19 3
1 1 2 361 0 45 2
1 370 0 296 1 499 1
0 14 0 462 1 4 1
1 278 0 45 0 132 2
1 453 3 77 3 77 3
0 429 3 83 3 267 2
0 48 1 372 0 455 1
0 218 1 407 2 434 3
0 419 3 36 2 494 0
1 2 3 191 1 411 3
1 488 3 101 2 207 3
0 365 1 28 0 405 3
1 125 0 165 1 66 2
0 400 2 36 3 464 1
0 74 1 350 0 491 2
1 93 0 450 2 308 3
0 355 1 27 2 219 1
1 428 3 13 1 138 3
0 320 0 160 0 272 1
0 450 3 143 2 19 3
1 1 2 361 0 45 2
1 370 0 296 1 499 1
0 14 0 462 1 4 1
1 278 0 45 0 132 2
0 74 1 350 0 491 2
1 93 0 450 2 308 3
0 355 1 27 2 219 1
1 428 3 13 1 138 3
0 320 0 160 0 272 1
0 450 3 143 2 19 3
1 1 2 361 0 45 2
1 370 0 296 1 499 1
0 14 0 462 1 4 1
1 278 0 45 0 132 2
0 74 1 350 0 491 2
1 93 0 450 2 308 3
0 355 1 27 2 219 1
1 428 3 13 1 138 3
0 320 0 160 0 272 1
0 450 3 143 2 19 3
1 1 2 361 0 45 2
1 370 0 296 1 499 1
0 14 0 462 1 4 1
1 278 0 45 0 132 2
0 134 1 341 0 382 3
0 416 1 331 3 293 1
0 337 3 341 0 386 1
1 315 3 407 0 115 2
0 196 0 307 0 393 2
1 92 3 480 1 194 1
1 341 3 26 2 238 3
1 404 1 67 1 321 2
1 301 1 217 1 367 3
1 161 0 215 3 337 0
0 74 1 350 0 491 2
1 93 0 450 2 308 3
0 355 1 27 2 219 1
1 428 3 13 1 138 3
0 320 0 160 0 272 1
0 450 3 143 2 19 3
1 1 2 361 0 45 2
1 370 0 296 1 499 1
0 14 0 462 1 4 1
1 278 0 45 0 132 2
0 74 1 350 0 491 2
1 93 0 450 2 308 3
0 355 1 27 2 219 1
1 428 3 13 1 138 3
0 320 0 160 0 272 1
0 450 3 143 2 19 3
1 1 2 361 0 45 2
1 370 0 296 1 499 1
0 14 0 462 1 4 1
1 278 0 45 0 132 2
0 74 1 350 0 491 2
1 93 0 450 2 308 3
0 355 1 27 2 219 1
1 428 3 13 1 138 3
0 320 0 160 0 272 1
0 450 3 143 2 19 3
1 1 2 361 0 45 2
1 370 0 296 1 499 1
0 14 0 462 1 4 1
1 278 0 45 0 132 2
0 379 1 258 0 79 2
1 161 0 467 0 388 0
0 19 0 496 0 55 3
1 383 1 152 0 46 1
1 193 1 81 0 327 1
1 52 3 240 2 191 2
0 105 3 349 2 397 3
0 452 2 20 1 343 3
0 387 1 289 3 47 2
1 211 1 151 1 22 0
0 169 3 212 0 74 2
0 363 2 243 3 253 1
1 25 1 336 2 406 0
0 311 3 375 2 14 2
1 412 2 335 2 166 2
1 445 1 412 3 45 0
0 80 3 314 1 130 1
1 323 2 393 2 250 1
1 410 2 121 1 84 3
0 194 0 203 1 137 0
0 74 1 350 0 491 2
1 93 0 450 2 308 3
0 355 1 27 2 219 1
1 428 3 13 1 138 3
0 320 0 160 0 272 1
0 450 3 143 2 19 3
1 1 2 361 0 45 2
1 370 0 296 1 499 1
0 14 0 462 1 4 1
1 278 0 45 0 132 2
0 74 1 350 0 491 2
1 93 0 450 2 308 3
0 355 1 27 2 219 1
1 428 3 13 1 138 3
0 320 0 160 0 272 1
0 450 3 143 2 19 3
1 1 2 361 0 45 2
1 370 0 296 1 499 1
0 14 0 462 1 4 1
1 278 0 45 0 132 2
0 74 1 350 0 491 2
1 93 0 450 2 308 3
0 355 1 27 2 219 1
1 428 3 13 1 138 3
0 320 0 160 0 272 1
0 450 3 143 2 19 3
1 1 2 361 0 45 2
1 370 0 296 1 499 1
0 14 0 462 1 4 1
1 278 0 45 0 132 2
0 160 3 473 1 271 2
1 34 1 59 3 382 2
0 111 0 87 0 82 2
0 38 0 334 0 424 0
1 488 0 265 3 434 1
0 7 0 398 1 153 0
1 473 1 62 2 174 3
1 5 2 115 2 171 2
0 26 0 298 1 364 3
1 252 2 19 2 165 0
0 74 1 350 0 491 2
1 93 0 450 2 308 3
0 355 1 27 2 219 1
1 428 3 13 1 138 3
0 320 0 160 0 272 1
0 450 3 143 2 19 3
1 1 2 361 0 45 2
1 370 0 296 1 499 1
0 14 0 462 1 4 1
1 278 0 45 0 132 2
0 74 1 350 0 491 2
1 93 0 450 2 308 3
0 355 1 27 2 219 1
1 428 3 13 1 138 3
0 320 0 160 0 272 1
0 450 3 143 2 19 3
1 1 2 361 0 45 2
1 370 0 296 1 499 1
0 14 0 462 1 4 1
1 278 0 45 0 132 2
0 74 1 350 0 491 2
1 93 0 450 2 308 3
0 355 1 27 2 219 1
1 428 3 13 1 138 3
0 320 0 160 0 272 1
0 450 3 143 2 19 3
1 1 2 361 0 45 2
1 370 0 296 1 499 1
0 14 0 462 1 4 1
1 278 0 45 0 132 2
1 164 1 202 1 153 1
1 80 0 440 0 222 1
1 248 2 240 0 214 3
0 414 0 236 3 337 3
1 187 0 378 1 19 2
1 154 3 452 0 26 2
0 39 3 221 3 148 2
1 468 2 487 0 441 0
0 117 1 185 3 107 3
1 449 0 362 0 120 2
0 101 3 301 3 434 0
0 185 3 419 3 345 2
1 387 0 424 0 5 0
0 117 0 315 1 309 1
0 124 0 396 2 458 3
0 99 0 441 3 213 3
1 339 3 312 2 117 0
1 26 0 296 1 443 0
1 238 3 239 1 212 3
1 317 0 226 2 251 2
1 202 0 359 0 85 0
1 212 0 411 2 272 2
1 287 1 159 1 30 1
0 237 2 23 0 259 2
0 158 3 246 0 197 1
0 88 3 465 0 33 1
1 263 0 367 1 235 3
1 250 3 129 2 462 0
0 423 3 309 1 333 2
1 73 3 490 0 309 2
1 128 3 403 1 41 0
0 47 3 38 2 76 3
0 394 1 122 2 231 1
0 13 3 205 1 178 2
1 98 3 478 1 92 0
0 232 3 347 0 344 1
0 410 3 49 3 331 2
0 437 2 47 3 325 0
1 341 0 56 1 370 3
1 112 0 31 2 394 1
0 82 1 17 3 29 2
0 434 1 72 2 110 2
0 462 3 299 1 494 1
0 172 1 499 0 144 2
1 459 2 467 1 466 2
1 9 0 110 1 422 0
0 381 1 24 1 66 0
0 402 0 479 0 371 2
0 431 1 376 2 0 0
0 65 0 58 3 388 2
0 74 1 350 0 491 2
1 93 0 450 2 308 3
0 355 1 27 2 219 1
1 428 3 13 1 138 3
0 320 0 160 0 272 1
0 450 3 143 2 19 3
1 1 2 361 0 45 2
1 370 0 296 1 499 1
0 14 0 462 1 4 1
1 278 0 45 0 132 2
1 310 3 100 1 484 1
0 389 2 317 3 307 0
1 165 3 129 3 382 0
1 103 0 141 1 424 2
0 159 3 405 0 254 1
1 468 2 292 2 433 2
0 343 0 293 2 447 3
1 242 2 461 2 394 2
1 269 2 446 1 283 1
1 89 3 184 2 93 3
0 74 1 350 0 491 2
1 93 0 450 2 308 3
0 355 1 27 2 219 1
1 428 3 13 1 138 3
0 320 0 160 0 272 1
0 450 3 143 2 19 3
1 1 2 361 0 45 2
1 370 0 296 1 499 1
0 14 0 462 1 4 1
1 278 0 45 0 132 2
0 74 1 350 0 491 2
1 93 0 450 2 308 3
0 355 1 27 2 219 1
1 428 3 13 1 138 3
0 320 0 160 0 272 1
0 450 3 143 2 19 3
1 1 2 361 0 45 2
1 370 0 296 1 499 1
0 14 0 462 1 4 1
1 278 0 45 0 132 2
1 413 3 403 3 242 0
1 108 0 116 3 259 2
1 130 3 401 3 337 3
0 140 1 196 1 499 3
0 496 3 359 0 391 3
0 17 3 55 3 306 1
1 429 0 360 3 341 2
1 108 1 111 0 351 0
1 199 2 214 1 31 2
1 178 2 10 1 473 0
0 74 1 350 0 491 2
1 93 0 450 2 308 3
0 355 1 27 2 219 1
1 428 3 13 1 138 3
0 320 0 160 0 272 1
0 450 3 143 2 19 3
1 1 2 361 0 45 2
1 370 0 296 1 499 1
0 14 0 462 1 4 1
1 278 0 45 0 132 2
1 215 0 174 3 26 3
0 108 3 227 2 475 1
1 284 0 17 2 325 1
1 383 3 51 2 81 3
0 315 1 335 1 454 2
0 150 1 471 2 95 1
1 78 1 434 1 312 2
1 157 3 77 2 43 3
0 125 2 378 0 68 0
1 120 1 204 3 405 2
0 74 1 350 0 491 2
1 93 0 450 2 308 3
0 355 1 27 2 219 1
1 428 3 13 1 138 3
0 320 0 160 0 272 1
0 450 3 143 2 19 3
1 1 2 361 0 45 2
1 370 0 296 1 499 1
0 14 0 462 1 4 1
1 278 0 45 0 132 2
0 74 1 350 0 491 2
1 93 0 450 2 308 3
0 355 1 27 2 219 1
1 428 3 13 1 138 3
0 320 0 160 0 272 1
0 450 3 143 2 19 3
1 1 2 361 0 45 2
1 370 0 296 1 499 1
0 14 0 462 1 4 1
1 278 0 45 0 132 2
0 74 1 350 0 491 2
1 93 0 450 2 308 3
0 355 1 27 2 219 1
1 428 3 13 1 138 3
0 320 0 160 0 272 1
0 450 3 143 2 19 3
1 1 2 361 0 45 2
1 370 0 296 1 499 1
0 14 0 462 1 4 1
1 278 0 45 0 132 2
0 74 1 350 0 491 2
1 93 0 450 2 308 3
0 355 1 27 2 219 1
1 428 3 13 1 138 3
0 320 0 160 0 272 1
0 450 3 143 2 19 3
1 1 2 361 0 45 2
1 370 0 296 1 499 1
0 14 0 462 1 4 1
1 278 0 45 0 132 2
0 74 1 350 0 491 2
1 93 0 450 2 308 3
0 355 1 27 2 219 1
1 428 3 13 1 138 3
0 320 0 160 0 272 1
0 450 3 143 2 19 3
1 1 2 361 0 45 2
1 370 0 296 1 499 1
0 14 0 462 1 4 1
1 278 0 45 0 132 2
0 74 1 350 0 491 2
1 93 0 450 2 308 3
0 355 1 27 2 219 1
1 428 3 13 1 138 3
0 320 0 160 0 272 1
0 450 3 143 2 19 3
1 1 2 361 0 45 2
1 370 0 296 1 499 1
0 14 0 462 1 4 1
1 278 0 45 0 132 2
0 94 0 490 0 469 2
1 34 2 27 2 160 0
0 255 3 457 2 118 1
0 351 3 90 2 102 2
0 219 0 258 2 186 2
0 71 2 57 0 7 0
0 86 3 437 2 435 1
1 248 3 483 1 152 1
1 433 3 328 0 207 1
1 277 0 118 2 37 0
0 74 1 350 0 491 2
1 93 0 450 2 308 3
0 355 1 27 2 219 1
1 428 3 13 1 138 3
0 320 0 160 0 272 1
0 450 3 143 2 19 3
1 1 2 361 0 45 2
1 370 0 296 1 499 1
0 14 0 462 1 4 1
1 278 0 45 0 132 2
0 122 2 308 0 308 2
0 208 1 407 2 311 0
0 165 0 208 3 240 0
1 334 3 145 0 237 2
1 401 0 276 3 400 1
1 444 3 85 3 54 1
1 478 0 263 0 75 3
1 210 1 261 0 492 3
1 162 2 46 1 212 2
0 441 2 138 0 51 0
1 384 1 120 3 235 3
0 499 3 328 3 68 1
1 438 3 246 1 31 0
0 338 1 149 2 487 1
1 245 2 285 0 280 0
1 337 0 419 1 53 0
1 314 1 232 0 6 1
0 7 2 15 3 328 2
1 27 2 496 3 404 1
0 195 0 340 0 224 2
1 74 0 196 1 154 1
0 176 2 280 1 102 3
1 168 3 118 3 223 1
1 238 2 483 1 451 0
0 345 3 338 0 251 2
1 422 3 337 3 111 0
0 136 2 379 1 447 0
0 464 0 462 3 67 3
0 78 2 140 1 341 0
1 84 3 122 0 37 0
0 74 1 350 0 491 2
1 93 0 450 2 308 3
0 355 1 27 2 219 1
1 428 3 13 1 138 3
0 320 0 160 0 272 1
0 450 3 143 2 19 3
1 1 2 361 0 45 2
1 370 0 296 1 499 1
0 14 0 462 1 4 1
1 278 0 45 0 132 2
1 202 1 184 1 207 2
1 299 2 182 1 204 3
1 18 0 295 2 429 2
0 234 0 46 2 179 3
0 17 3 437 0 172 3
0 227 1 103 2 363 2
1 47 2 60 3 423 0
0 162 2 174 3 0 0
1 48 3 378 0 44 3
0 313 1 416 2 38 0
0 420 3 467 0 421 2
0 4 3 135 3 167 3
1 179 3 59 1 454 0
0 278 0 86 0 304 1
0 481 1 370 2 273 1
1 203 1 84 3 99 0
1 487 2 118 1 66 2
0 202 1 123 2 494 2
0 197 3 284 2 466 0
0 40 0 375 0 332 2
0 74 1 350 0 491 2
1 93 0 450 2 308 3
0 355 1 27 2 219 1
1 428 3 13 1 138 3
0 320 0 160 0 272 1
0 450 3 143 2 19 3
1 1 2 361 0 45 2
1 370 0 296 1 499 1
0 14 0 462 1 4 1
1 278 0 45 0 132 2
0 205 1 369 3 70 2
0 173 1 358 3 44 1
0 146 0 107 0 288 1
1 18 0 318 2 195 2
1 267 3 349 2 117 2
0 311 0 33 0 437 3
0 397 0 238 2 446 0
1 463 2 450 1 298 3
1 307 3 442 0 311 2
0 151 3 264 0 218 1
0 74 1 350 0 491 2
1 93 0 450 2 308 3
0 355 1 27 2 219 1
1 428 3 13 1 138 3
0 320 0 160 0 272 1
0 450 3 143 2 19 3
1 1 2 361 0 45 2
1 370 0 296 1 499 1
0 14 0 462 1 4 1
1 278 0 45 0 132 2
1 303 1 250 3 285 0
0 10 2 258 0 348 1
1 156 2 120 0 25 3
0 482 0 0 2 321 2
0 430 0 416 2 231 1
0 132 0 145 2 279 1
1 430 0 308 0 386 0
1 480 2 223 1 248 2
1 63 1 440 2 409 2
1 219 0 485 3 238 0
0 74 1 350 0 491 2
1 93 0 450 2 308 3
0 355 1 27 2 219 1
1 428 3 13 1 138 3
0 320 0 160 0 272 1
0 450 3 143 2 19 3
1 1 2 361 0 45 2
1 370 0 296 1 499 1
0 14 0 462 1 4 1
1 278 0 45 0 132 2
0 74 1 350 0 491 2
1 93 0 450 2 308 3
0 355 1 27 2 219 1
1 428 3 13 1 138 3
0 320 0 160 0 272 1
0 450 3 143 2 19 3
1 1 2 361 0 45 2
1 370 0 296 1 499 1
0 14 0 462 1 4 1
1 278 0 45 0 132 2
0 74 1 350 0 491 2
1 93 0 450 2 308 3
0 355 1 27 2 219 1
1 428 3 13 1 138 3
0 320 0 160 0 272 1
0 450 3 143 2 19 3
1 1 2 361 0 45 2
1 370 0 296 1 499 1
0 14 0 462 1 4 1
1 278 0 45 0 132 2
0 74 1 350 0 491 2
1 93 0 450 2 308 3
0 355 1 27 2 219 1
1 428 3 13 1 138 3
0 320 0 160 0 272 1
0 450 3 143 2 19 3
1 1 2 361 0 45 2
1 370 0 296 1 499 1
0 14 0 462 1 4 1
1 278 0 45 0 132 2
0 74 1 350 0 491 2
1 93 0 450 2 308 3
0 355 1 27 2 219 1
1 428 3 13 1 138 3
0 320 0 160 0 272 1
0 450 3 143 2 19 3
1 1 2 361 0 45 2
1 370 0 296 1 499 1
0 14 0 462 1 4 1
1 278 0 45 0 132 2
0 453 2 103 1 213 2
0 378 3 375 0 227 3
1 212 0 221 0 112 0
1 13 3 142 0 172 3
1 153 0 135 3 9 2
0 105 3 87 0 211 2
1 477 2 456 2 257 1
0 134 0 268 0 198 2
0 272 1 435 1 206 3
1 452 2 100 1 320 2
0 74 1 350 0 491 2
1 93 0 450 2 308 3
0 355 1 27 2 219 1
1 428 3 13 1 138 3
0 320 0 160 0 272 1
0 450 3 143 2 19 3
1 1 2 361 0 45 2
1 370 0 296 1 499 1
0 14 0 462 1 4 1
1 278 0 45 0 132 2
0 74 1 350 0 491 2
1 93 0 450 2 308 3
0 355 1 27 2 219 1
1 428 3 13 1 138 3
0 320 0 160 0 272 1
0 450 3 143 2 19 3
1 1 2 361 0 45 2
1 370 0 296 1 499 1
0 14 0 462 1 4 1
1 278 0 45 0 132 2
0 74 1 350 0 491 2
1 93 0 450 2 308 3
0 355 1 27 2 219 1
1 428 3 13 1 138 3
0 320 0 160 0 272 1
0 450 3 143 2 19 3
1 1 2 361 0 45 2
1 370 0 296 1 499 1
0 14 0 462 1 4 1
1 278 0 45 0 132 2
0 74 1 350 0 491 2
1 93 0 450 2 308 3
0 355 1 27 2 219 1
1 428 3 13 1 138 3
0 320 0 160 0 272 1
0 450 3 143 2 19 3
1 1 2 361 0 45 2
1 370 0 296 1 499 1
0 14 0 462 1 4 1
1 278 0 45 0 132 2
0 74 1 350 0 491 2
1 93 0 450 2 308 3
0 355 1 27 2 219 1
1 428 3 13 1 138 3
0 320 0 160 0 272 1
0 450 3 143 2 19 3
1 1 2 361 0 45 2
1 370 0 296 1 499 1
0 14 0 462 1 4 1
1 278 0 45 0 132 2
0 74 1 350 0 491 2
1 93 0 450 2 308 3
0 355 1 27 2 219 1
1 428 3 13 1 138 3
0 320 0 160 0 272 1
0 450 3 143 2 19 3
1 1 2 361 0 45 2
1 370 0 296 1 499 1
0 14 0 462 1 4 1
1 278 0 45 0 132 2
0 74 1 350 0 491 2
1 93 0 450 2 308 3
0 355 1 27 2 219 1
1 428 3 13 1 138 3
0 320 0 160 0 272 1
0 450 3 143 2 19 3
1 1 2 361 0 45 2
1 370 0 296 1 499 1
0 14 0 462 1 4 1
1 278 0 45 0 132 2
0 74 1 350 0 491 2
1 93 0 450 2 308 3
0 355 1 27 2 219 1
1 428 3 13 1 138 3
0 320 0 160 0 272 1
0 450 3 143 2 19 3
1 1 2 361 0 45 2
1 370 0 296 1 499 1
0 14 0 462 1 4 1
1 278 0 45 0 132 2
0 74 1 350 0 491 2
1 93 0 450 2 308 3
0 355 1 27 2 219 1
1 428 3 13 1 138 3
0 320 0 160 0 272 1
0 450 3 143 2 19 3
1 1 2 361 0 45 2
1 370 0 296 1 499 1
0 14 0 462 1 4 1
1 278 0 45 0 132 2
0 208 3 53 2 383 1
1 453 0 396 0 53 3
1 363 1 82 0 374 2
1 390 0 71 0 257 0
1 185 1 90 0 12 2
0 352 2 416 1 252 2
1 5 3 234 3 128 0
1 454 0 42 3 242 1
1 38 0 426 1 392 3
1 473 1 117 2 188 2
0 14 3 474 3 235 2
0 410 2 85 1 403 0
1 391 3 159 0 158 0
0 347 3 352 1 20 2
0 308 1 56 3 130 3
0 364 2 134 1 294 3
0 177 3 487 0 421 3
0 41 1 313 2 487 0
1 216 2 160 2 430 0
1 195 2 80 1 446 2
0 74 1 350 0 491 2
1 93 0 450 2 308 3
0 355 1 27 2 219 1
1 428 3 13 1 138 3
0 320 0 160 0 272 1
0 450 3 143 2 19 3
1 1 2 361 0 45 2
1 370 0 296 1 499 1
0 14 0 462 1 4 1
1 278 0 45 0 132 2
0 74 1 350 0 491 2
1 93 0 450 2 308 3
0 355 1 27 2 219 1
1 428 3 13 1 138 3
0 320 0 160 0 272 1
0 450 3 143 2 19 3
1 1 2 361 0 45 2
1 370 0 296 1 499 1
0 14 0 462 1 4 1
1 278 0 45 0 132 2
0 74 1 350 0 491 2
1 93 0 450 2 308 3
0 355 1 27 2 219 1
1 428 3 13 1 138 3
0 320 0 160 0 272 1
0 450 3 143 2 19 3
1 1 2 361 0 45 2
1 370 0 296 1 499 1
0 14 0 462 1 4 1
1 278 0 45 0 132 2
0 374 1 225 2 406 1
1 367 3 420 1 75 2
1 411 1 106 3 120 2
1 289 2 12 3 290 2
1 52 2 210 0 358 2
1 251 3 31 2 373 3
0 297 2 497 1 188 0
0 486 2 465 3 416 2
1 21 2 37 3 494 2
1 81 1 421 3 270 0
0 74 1 350 0 491 2
1 93 0 450 2 308 3
0 355 1 27 2 219 1
1 428 3 13 1 138 3
0 320 0 160 0 272 1
0 450 3 143 2 19 3
1 1 2 361 0 45 2
1 370 0 296 1 499 1
0 14 0 462 1 4 1
1 278 0 45 0 132 2
0 94 3 424 1 78 1
1 157 3 345 2 163 1
0 438 1 304 1 196 2
1 53 1 20 1 495 3
0 142 3 437 0 420 0
1 58 2 488 2 374 2
0 229 2 15 2 112 2
0 171 0 349 0 320 3
0 236 0 485 1 316 0
-1 491 3 273 1 431 2
