1 370 0 106 3 307 3
1 108 0 183 1 317 1
0 477 3 427 0 108 2
1 334 0 155 2 206 1
1 499 1 379 0 368 3
0 23 0 346 1 28 0
1 55 0 51 0 76 3
1 46 0 6 3 240 1
0 193 0 373 2 38 2
1 473 0 189 3 440 3
1 224 3 389 0 308 0
1 84 1 12 0 469 0
0 190 2 245 1 51 1
0 89 3 427 3 160 3
1 152 3 267 3 403 0
0 422 3 203 1 244 1
1 380 3 28 3 475 2
1 401 0 365 0 335 0
0 47 0 335 3 238 2
1 294 2 457 0 63 2
0 287 3 388 0 162 0
1 387 3 216 1 255 2
1 283 3 60 3 352 3
0 498 2 5 3 327 2
1 243 0 125 2 35 1
1 321 0 323 0 109 3
1 236 3 33 3 217 3
1 361 2 195 0 458 2
1 483 2 13 0 353 1
-1 482 2 22 2 130 3
